table_to_sop( [ "A" ,"B" ] , [[1,1,0],[1,0,0],[0,1,1],[1,1,1]], Z ).


table_to_sop( [ "A" ,"B" , "C"] , [[0,0,1,0],[1,1,0,0],[0,1,1,1],[1,1,1,1],[1,0,0,0]], Z ).


table_to_sop( [ "L" ,"M" , "N"] , [[0,1,1,0],[0,1,0,0],[0,1,1,1]], Z ).
table_to_sop( [ "A" ,"B" , "C", "D"] , [[1,0,1,0,1],[0,1,1,0,0],[1,0,1,1,1],[1,1,1,1,1]], Z ).







table_to_pos( [ "A" ,"B" ] , [[1,1,0],[0,0,0],[0,1,1],[1,1,1]], Z ).


table_to_pos( [ "A" ,"B" , "C"] , [[0,0,1,0],[1,1,0,0],[0,1,1,1],[1,1,1,1],[1,0,0,0]], Z ).


table_to_pos( [ "A" ,"B" , "C", "D"] , [[1,0,1,0,1],[0,1,1,0,0],[1,0,1,1,1],[0,1,1,1,1]], Z ).

table_to_pos( [ "A" ,"B" , "C"] , [[1,1,1,0],[1,1,0,0],[0,1,1,1],[1,1,1,1]], Z ).
table_to_pos( [ "X" ,"Y" , "Z"] , [[1,1,1,0],[1,1,0,0],[0,1,1,1],[1,1,1,1]], Z ).
table_to_sop( [ "X" ,"Y" , "Z"] , [[1,1,2,0],[0,1,0,0],[0,1,1,1]], Z ).
table_to_pos( [ "A" ,"B" , "C"] , [[3,1,1,0],[1,1,0,0],[0,1,1,1],[1,1,1,1]], Z ).